435
750 0
409 453
750 13
534 714
0 0
324 60
750 329
296 430
750 0
245 401
731 0
206 403
703 3
157 364
744 6
223 393
725 0
157 363
646 0
3 328
429 306
750 263
0 103
676 269
0 121
524 261
0 120
416 256
750 0
211 362
462 6
750 234
0 130
494 245
750 6
0 252
264 402
750 228
0 146
221 212
459 7
750 211
0 176
247 231
552 10
0 596
0 396
0 0
293 749
0 0
340 750
0 0
127 134
610 36
0 538
0 428
54 0
718 748
0 0
270 750
0 0
568 470
0 15
485 182
751 25
316 566
0 17
529 142
0 254
656 133
0 265
719 141
0 264
746 155
0 291
750 144
0 265
750 106
0 265
750 115
0 260
750 105
0 267
750 101
0 265
749 94
8 537
0 0
711 749
0 0
639 678
0 0
502 92
0 565
0 0
688 749
0 0
723 624
0 0
631 36
48 557
88 17
750 440
356 104
751 37
749 393
0 82
750 12
174 549
343 349
750 0
750 378
0 101
750 277
0 77
750 17
44 605
11 0
747 715
0 0
738 749
0 0
711 572
0 0
545 9
6 749
0 0
750 744
0 0
678 229
0 102
750 199
53 106
750 511
36 0
751 206
0 91
735 0
66 729
0 0
749 749
0 0
729 499
0 0
614 0
8 745
0 0
750 747
0 0
601 192
0 169
737 169
0 163
750 168
0 156
750 149
0 188
750 143
0 144
744 164
0 175
744 159
0 177
717 149
0 183
725 129
0 186
715 138
0 194
745 134
0 215
731 130
0 247
697 132
0 235
673 114
0 230
728 106
0 235
731 111
0 228
743 93
0 548
0 0
467 749
0 0
750 631
0 0
470 117
750 46
520 457
0 44
329 27
750 224
276 440
750 0
270 434
750 0
297 415
732 0
184 430
626 4
71 375
522 92
0 351
354 291
750 275
0 69
475 32
750 298
0 354
309 344
750 274
0 143
526 286
0 119
270 281
563 12
0 628
0 286
40 0
447 726
0 0
440 749
0 0
614 555
0 0
22 0
529 735
0 0
190 750
0 0
605 533
0 0
151 0
750 637
0 0
544 750
0 0
484 749
0 0
689 194
0 165
741 196
0 160
750 186
0 192
750 186
0 188
751 171
0 158
750 180
0 179
750 178
0 176
750 174
0 180
750 155
0 185
750 159
0 172
750 157
0 194
749 149
0 213
743 125
0 196
709 125
0 209
680 129
0 219
667 113
0 220
690 107
0 224
672 97
0 537
0 0
480 749
0 0
750 640
0 0
469 102
750 46
551 480
0 50
435 74
750 204
353 456
750 0
349 445
750 0
253 427
746 0
299 438
748 2
228 432
745 0
224 438
711 0
32 355
581 105
0 676
0 256
296 4
750 537
0 95
321 727
0 0
657 750
0 0
424 617
0 0
445 24
750 317
260 352
737 0
141 335
735 17
133 638
0 0
163 0
750 561
0 56
490 741
0 0
712 749
0 0
554 567
0 0
123 0
750 626
0 0
489 750
0 0
749 749
0 0
471 202
750 30
694 582
0 0
150 0
750 587
0 0
563 749
0 0
584 750
0 0
440 185
750 11
740 553
0 0
211 0
750 586
0 0
747 749
0 0
679 717
0 0
534 164
0 173
722 103
0 124
747 94
17 411
750 99
70 438
750 122
7 153
750 113
0 155
750 82
16 410
751 91
20 439
750 90
22 464
750 93
7 511
0 0
613 749
0 0
589 682
0 0
311 90
750 180
283 457
750 0
314 436
750 0
291 443
750 0
294 430
750 0
262 446
750 0
279 448
739 0
161 427
724 0
166 426
715 0
33 355
598 99
9 350
401 317
750 282
0 77
506 34
0 686
0 0
32 749
0 0
382 279
750 0
179 370
618 0
24 338
451 73
750 238
0 133
631 249
0 112
497 247
751 0
107 330
446 0
750 237
0 123
550 243
0 131
308 244
750 9
39 279
419 155
750 524
0 0
101 0
688 652
0 18
81 742
0 0
521 750
0 0
28 132
477 141
751 460
0 0
318 0
750 613
0 0
249 749
0 0
472 714
0 0
384 177
751 41
50 541
0 112
345 124
750 24
0 477
385 226
750 416
0 39
483 156
750 43
164 538
0 19
122 50
700 206
0 464
347 248
750 404
0 43
569 116
0 297
299 101
750 47
220 476
635 0
66 460
508 80
1 422
395 277
750 375
0 83
635 110
0 352
427 81
750 275
49 414
543 77
0 400
324 368
750 357
0 65
492 65
750 339
30 395
463 94
750 308
0 78
384 54
750 364
0 356
308 394
750 293
0 133
552 305
0 108
327 277
749 10
12 639
0 53
73 0
569 724
0 0
56 749
0 0
381 259
750 0
54 336
488 129
750 560
0 0
195 0
750 615
0 30
108 737
0 0
382 749
0 0
672 499
0 0
126 0
750 600
0 0
277 749
0 0
681 750
0 0
196 152
750 33
203 575
0 0
275 0
750 587
0 0
500 750
0 0
542 749
0 0
215 120
750 33
632 565
0 30
368 143
750 11
689 520
0 47
482 135
750 0
750 204
0 231
673 129
0 171
745 118
0 185
731 93
12 414
750 92
34 405
750 105
11 195
750 367
0 12
704 112
0 234
726 91
0 526
0 0
661 750
0 0
730 694
0 0
442 100
750 37
750 461
0 44
592 41
0 533
0 0
749 749
0 0
666 616
0 0
496 73
750 208
573 411
0 43
570 22
0 563
0 0
750 748
0 0
735 609
0 0
534 38
10 575
4 4
748 747
0 0
750 749
0 0
658 275
0 90
708 0
92 709
0 0
750 750
0 0
750 551
0 0
670 0
130 731
0 0
750 737
0 0
750 750
0 0
628 192
0 65
749 0
177 688
179 0
750 434
539 20
0 633
0 0
750 750
0 0
750 535
0 0
678 0
220 729
86 0
750 698
0 0
749 750
0 0
741 485
0 0
697 0
162 736
37 0
750 731
0 0
750 749
0 0
729 487
0 6
620 0
74 749
0 0
750 749
0 0
679 438
0 25
750 140
12 180
750 384
60 20
750 386
0 27
695 99
0 492
704 0
29 748
0 0
749 749
0 0
573 389
0 20
563 90
0 503
0 0
544 747
0 0
626 671
0 0
403 73
750 222
447 446
750 0
584 419
0 52
476 39
750 189
378 409
750 0
278 388
750 0
303 389
749 0
210 380
749 0
231 403
728 0
201 397
747 0
127 408
656 0
0 346
429 222
750 252
0 71
459 19
750 282
0 340
295 337
750 262
0 143
370 270
544 13
0 655
0 382
7 0
348 749
0 0
311 750
0 0
222 221
639 4
0 300
333 406
750 234
0 227
466 237
750 11
0 591
0 354
23 0
558 726
0 0
58 749
0 0
258 184
750 22
59 585
0 109
297 166
750 6
90 264
594 78
0 175
384 294
750 135
0 149
636 147
0 186
519 159
0 237
509 154
0 225
589 153
0 209
673 156
0 223
714 132
0 219
750 136
0 228
750 114
0 225
750 126
0 234
740 101
0 217
638 108
0 218
647 96
0 509
0 0
327 748
0 0
742 630
0 0
365 98
750 189
445 450
750 0
476 430
749 0
601 447
0 86
526 54
0 576
0 0
671 750
0 0
674 624
0 0
492 57
750 224
595 424
0 63
645 10
0 557
0 0
750 746
0 0
726 573
0 0
557 26
0 605
0 0
750 749
0 0
746 560
0 0
726 2
284 716
185 17
750 195
720 305
0 91
713 0
191 728
107 0
750 570
28 33
750 650
15 46
750 644
0 16
750 736
0 0
750 749
0 0
726 524
0 0
631 0
76 748
0 0
750 749
0 0
731 463
0 
